SampleID	Chromosome	Start_position	End_position	total_cn	A_cn	B_cn	ploidy
RS134-FT	1	809641	873251	2	2	0	2.11241952467652
RS134-FT	1	873548	108012428	2	1	1	2.11241952467652
RS134-FT	1	108014486	108025998	6	3	3	2.11241952467652
RS134-FT	1	108026243	248916508	2	1	1	2.11241952467652
RS134-FT	2	12091	55789463	3	2	1	2.11241952467652
RS134-FT	2	55793050	70882105	2	2	0	2.11241952467652
RS134-FT	2	70883976	70945287	3	3	0	2.11241952467652
RS134-FT	2	70946278	133028804	2	2	0	2.11241952467652
RS134-FT	2	133028826	133200577	0	0	0	2.11241952467652
RS134-FT	2	133201511	133334077	2	2	0	2.11241952467652
RS134-FT	2	133341978	133472646	0	0	0	2.11241952467652
RS134-FT	2	133472855	140688590	2	2	0	2.11241952467652
RS134-FT	2	140690743	140821192	0	0	0	2.11241952467652
RS134-FT	2	140824808	141132183	2	2	0	2.11241952467652
RS134-FT	2	141133580	141348246	0	0	0	2.11241952467652
RS134-FT	2	141348907	141459068	2	2	0	2.11241952467652
RS134-FT	2	141459611	141628140	0	0	0	2.11241952467652
RS134-FT	2	141629360	153532665	2	2	0	2.11241952467652
RS134-FT	2	153534163	153915860	0	0	0	2.11241952467652
RS134-FT	2	153917062	204570183	2	2	0	2.11241952467652
RS134-FT	2	204572854	241917917	1	1	0	2.11241952467652
RS134-FT	3	12690	60373585	1	1	0	2.11241952467652
RS134-FT	3	60376576	60487150	0	0	0	2.11241952467652
RS134-FT	3	60487237	60777795	1	1	0	2.11241952467652
RS134-FT	3	60779095	74930638	2	1	1	2.11241952467652
RS134-FT	3	74931394	83407907	1	1	0	2.11241952467652
RS134-FT	3	83409421	86744109	2	1	1	2.11241952467652
RS134-FT	3	86745283	86912824	3	2	1	2.11241952467652
RS134-FT	3	86913238	182217390	2	1	1	2.11241952467652
RS134-FT	3	182219540	190799231	3	2	1	2.11241952467652
RS134-FT	3	190799281	190801052	6	4	2	2.11241952467652
RS134-FT	3	190801330	198038561	3	2	1	2.11241952467652
RS134-FT	4	72156	304200	1	1	0	2.11241952467652
RS134-FT	4	309145	456517	2	2	0	2.11241952467652
RS134-FT	4	457693	19497778	1	1	0	2.11241952467652
RS134-FT	4	19502233	76037162	2	1	1	2.11241952467652
RS134-FT	4	76037181	76053256	3	2	1	2.11241952467652
RS134-FT	4	76053426	90731291	2	1	1	2.11241952467652
RS134-FT	4	90731997	93370643	1	1	0	2.11241952467652
RS134-FT	4	93373167	189659954	2	1	1	2.11241952467652
RS134-FT	5	44922	45905895	2	1	1	2.11241952467652
RS134-FT	5	45910184	50255101	1	1	0	2.11241952467652
RS134-FT	5	50255340	55594531	3	2	1	2.11241952467652
RS134-FT	5	55594974	55624717	4	3	1	2.11241952467652
RS134-FT	5	55629379	58191783	5	4	1	2.11241952467652
RS134-FT	5	58191838	104402189	1	1	0	2.11241952467652
RS134-FT	5	104405734	104715491	2	2	0	2.11241952467652
RS134-FT	5	104716699	104835789	0	0	0	2.11241952467652
RS134-FT	5	104841510	135751092	2	2	0	2.11241952467652
RS134-FT	5	135751154	135811626	5	5	0	2.11241952467652
RS134-FT	5	135811847	140279209	2	2	0	2.11241952467652
RS134-FT	5	140280343	141700366	3	3	0	2.11241952467652
RS134-FT	5	141701049	181170660	2	2	0	2.11241952467652
RS134-FT	6	149609	6725683	2	2	0	2.11241952467652
RS134-FT	6	6725784	6951091	3	3	0	2.11241952467652
RS134-FT	6	6952090	32668666	2	2	0	2.11241952467652
RS134-FT	6	32669008	49193702	1	1	0	2.11241952467652
RS134-FT	6	49195050	50409284	3	2	1	2.11241952467652
RS134-FT	6	50411089	51208715	4	3	1	2.11241952467652
RS134-FT	6	51209148	51644819	3	2	1	2.11241952467652
RS134-FT	6	51647909	55882170	2	1	1	2.11241952467652
RS134-FT	6	55885114	55905602	3	2	1	2.11241952467652
RS134-FT	6	55905698	55919608	5	3	2	2.11241952467652
RS134-FT	6	55919615	61295048	3	2	1	2.11241952467652
RS134-FT	6	61297553	61523926	1	1	0	2.11241952467652
RS134-FT	6	61525703	62834024	3	2	1	2.11241952467652
RS134-FT	6	62835344	62885046	8	4	4	2.11241952467652
RS134-FT	6	62886495	63139869	3	2	1	2.11241952467652
RS134-FT	6	63145692	170606038	1	1	0	2.11241952467652
RS134-FT	7	198401	7055835	3	2	1	2.11241952467652
RS134-FT	7	7055907	7077161	7	4	3	2.11241952467652
RS134-FT	7	7077662	57881173	3	2	1	2.11241952467652
RS134-FT	7	57881679	62992442	1	1	0	2.11241952467652
RS134-FT	7	62993318	111392647	3	2	1	2.11241952467652
RS134-FT	7	111394854	111532578	2	2	0	2.11241952467652
RS134-FT	7	111540388	159325753	3	2	1	2.11241952467652
RS134-FT	8	211532	3483939	1	1	0	2.11241952467652
RS134-FT	8	3485342	3817996	0	0	0	2.11241952467652
RS134-FT	8	3818112	4013463	1	1	0	2.11241952467652
RS134-FT	8	4013838	4227448	0	0	0	2.11241952467652
RS134-FT	8	4227684	43571668	1	1	0	2.11241952467652
RS134-FT	8	43574864	45973537	0	0	0	2.11241952467652
RS134-FT	8	45974520	46292450	3	2	1	2.11241952467652
RS134-FT	8	46292583	46545536	1	1	0	2.11241952467652
RS134-FT	8	46545978	52960580	3	2	1	2.11241952467652
RS134-FT	8	52961954	145074901	4	2	2	2.11241952467652
RS134-FT	9	57539	42749761	2	2	0	2.11241952467652
RS134-FT	9	42752012	43262484	3	2	1	2.11241952467652
RS134-FT	9	61665482	63738524	4	2	2	2.11241952467652
RS134-FT	9	63740526	63761267	4	4	0	2.11241952467652
RS134-FT	9	64030959	64088601	2	2	0	2.11241952467652
RS134-FT	9	64093264	65550814	3	3	0	2.11241952467652
RS134-FT	9	66894601	89095423	2	2	0	2.11241952467652
RS134-FT	9	89126910	101775173	4	4	0	2.11241952467652
RS134-FT	9	101776269	105792859	3	3	0	2.11241952467652
RS134-FT	9	105793313	105821137	10	9	1	2.11241952467652
RS134-FT	9	105821263	105825883	6	6	0	2.11241952467652
RS134-FT	9	105826073	138181722	3	3	0	2.11241952467652
RS134-FT	10	48486	38997504	2	1	1	2.11241952467652
RS134-FT	10	38997797	41837943	1	1	0	2.11241952467652
RS134-FT	10	42322981	111429136	2	1	1	2.11241952467652
RS134-FT	10	111429364	111433902	6	3	3	2.11241952467652
RS134-FT	10	111433920	124226154	2	1	1	2.11241952467652
RS134-FT	10	124226265	124230600	6	3	3	2.11241952467652
RS134-FT	10	124231226	126560277	2	1	1	2.11241952467652
RS134-FT	10	126560485	126567292	6	3	3	2.11241952467652
RS134-FT	10	126569313	133621484	2	1	1	2.11241952467652
RS134-FT	11	199813	48641743	2	1	1	2.11241952467652
RS134-FT	11	48645260	48877697	1	1	0	2.11241952467652
RS134-FT	11	48877743	48890108	2	1	1	2.11241952467652
RS134-FT	11	48890588	48941872	1	1	0	2.11241952467652
RS134-FT	11	48943051	50341459	2	1	1	2.11241952467652
RS134-FT	11	50343115	54552611	1	1	0	2.11241952467652
RS134-FT	11	54553185	54745249	2	1	1	2.11241952467652
RS134-FT	11	54746214	55258684	1	1	0	2.11241952467652
RS134-FT	11	55261918	65774583	2	1	1	2.11241952467652
RS134-FT	11	65797315	82736498	3	2	1	2.11241952467652
RS134-FT	11	82736712	83257122	5	3	2	2.11241952467652
RS134-FT	11	83257376	83831616	4	2	2	2.11241952467652
RS134-FT	11	83833125	84481728	8	6	2	2.11241952467652
RS134-FT	11	84486441	84501479	1	1	0	2.11241952467652
RS134-FT	11	84511394	84870672	2	2	0	2.11241952467652
RS134-FT	11	84872989	84956537	1	1	0	2.11241952467652
RS134-FT	11	84957209	135075414	2	2	0	2.11241952467652
RS134-FT	12	175764	34409174	2	1	1	2.11241952467652
RS134-FT	12	34409899	37412586	1	1	0	2.11241952467652
RS134-FT	12	37414095	37444388	2	1	1	2.11241952467652
RS134-FT	12	37446310	37596564	2	2	0	2.11241952467652
RS134-FT	12	37596965	38046168	1	1	0	2.11241952467652
RS134-FT	12	38046492	40052489	2	1	1	2.11241952467652
RS134-FT	12	40066725	40495767	3	2	1	2.11241952467652
RS134-FT	12	40495802	99464599	2	1	1	2.11241952467652
RS134-FT	12	99472381	99768102	1	1	0	2.11241952467652
RS134-FT	12	99768268	133120199	2	1	1	2.11241952467652
RS134-FT	12	133122703	133248987	3	2	1	2.11241952467652
RS134-FT	13	18455821	57417262	2	2	0	2.11241952467652
RS134-FT	13	57417337	114343518	4	4	0	2.11241952467652
RS134-FT	14	19784736	19957752	3	2	1	2.11241952467652
RS134-FT	14	19958261	27017452	2	1	1	2.11241952467652
RS134-FT	14	27018208	42648828	3	2	1	2.11241952467652
RS134-FT	14	42649120	42665695	2	2	0	2.11241952467652
RS134-FT	14	42665792	42671568	1	1	0	2.11241952467652
RS134-FT	14	42674944	83639553	3	2	1	2.11241952467652
RS134-FT	14	83644155	83812404	1	1	0	2.11241952467652
RS134-FT	14	83818044	94662274	3	2	1	2.11241952467652
RS134-FT	14	94662544	94671627	5	3	2	2.11241952467652
RS134-FT	14	94671891	106882543	3	2	1	2.11241952467652
RS134-FT	15	19790523	19838945	0	0	0	2.11241952467652
RS134-FT	15	19848498	46858709	1	1	0	2.11241952467652
RS134-FT	15	46859407	101888846	2	2	0	2.11241952467652
RS134-FT	16	34170	10693382	2	1	1	2.11241952467652
RS134-FT	16	10693668	10734536	5	3	2	2.11241952467652
RS134-FT	16	10734621	58487186	2	1	1	2.11241952467652
RS134-FT	16	58487526	78465573	3	2	1	2.11241952467652
RS134-FT	16	78467227	82833162	1	1	0	2.11241952467652
RS134-FT	16	82834150	82865956	0	0	0	2.11241952467652
RS134-FT	16	82867271	90096867	1	1	0	2.11241952467652
RS134-FT	17	153794	8187721	1	1	0	2.11241952467652
RS134-FT	17	8187765	22735079	2	1	1	2.11241952467652
RS134-FT	17	22736323	26712794	1	1	0	2.11241952467652
RS134-FT	17	26716157	53747828	2	1	1	2.11241952467652
RS134-FT	17	53748525	53844792	2	2	0	2.11241952467652
RS134-FT	17	53845520	59849550	1	1	0	2.11241952467652
RS134-FT	17	59851958	83204151	2	1	1	2.11241952467652
RS134-FT	18	64775	72307127	3	2	1	2.11241952467652
RS134-FT	18	72312333	72371587	2	1	1	2.11241952467652
RS134-FT	18	72371889	80256731	3	2	1	2.11241952467652
RS134-FT	19	274479	7799884	1	1	0	2.11241952467652
RS134-FT	19	7800195	9539814	3	2	1	2.11241952467652
RS134-FT	19	9539815	9571186	5	3	2	2.11241952467652
RS134-FT	19	9572039	11035823	3	2	1	2.11241952467652
RS134-FT	19	11036939	15018295	4	3	1	2.11241952467652
RS134-FT	19	15019174	15687901	7	6	1	2.11241952467652
RS134-FT	19	15688108	15688761	2	2	0	2.11241952467652
RS134-FT	19	15688901	20386936	2	1	1	2.11241952467652
RS134-FT	19	20387762	20651813	3	2	1	2.11241952467652
RS134-FT	19	20652484	24198386	2	1	1	2.11241952467652
RS134-FT	19	24199724	27637131	1	1	0	2.11241952467652
RS134-FT	19	27638482	58533199	2	1	1	2.11241952467652
RS134-FT	20	68303	14743607	2	1	1	2.11241952467652
RS134-FT	20	14743954	15159463	0	0	0	2.11241952467652
RS134-FT	20	15160142	15272069	1	1	0	2.11241952467652
RS134-FT	20	15273829	15419522	2	1	1	2.11241952467652
RS134-FT	20	15420086	15555362	1	1	0	2.11241952467652
RS134-FT	20	15556853	25965205	2	1	1	2.11241952467652
RS134-FT	20	25965422	30277784	1	1	0	2.11241952467652
RS134-FT	20	30279614	64283878	2	1	1	2.11241952467652
RS134-FT	21	13224688	46681423	2	1	1	2.11241952467652
RS134-FT	22	15513541	16084705	1	1	0	2.11241952467652
RS134-FT	22	16090803	16235320	3	2	1	2.11241952467652
RS134-FT	22	16235393	22024669	2	1	1	2.11241952467652
RS134-FT	22	22025012	22127104	3	2	1	2.11241952467652
RS134-FT	22	22127198	25267853	2	1	1	2.11241952467652
RS134-FT	22	25268282	25522742	1	1	0	2.11241952467652
RS134-FT	22	25525619	33893127	2	1	1	2.11241952467652
RS134-FT	22	33894247	50757736	1	1	0	2.11241952467652
RS134-FT	X	2781205	29260788	1	1	0	2.11241952467652
RS134-FT	X	29263243	29343835	0	0	0	2.11241952467652
RS134-FT	X	29347115	29530312	1	1	0	2.11241952467652
RS134-FT	X	29531374	29562740	0	0	0	2.11241952467652
RS134-FT	X	29565761	155695384	1	1	0	2.11241952467652
